$ 1 0.000005 0.03528660814588489 10 5 50 5e-11
w 480 368 480 288 0
r 560 384 672 384 0 4700
r 672 384 832 384 0 510000
w 832 288 832 384 0
w 832 288 480 288 0
x 449 545 613 548 4 24 B_VCC,\sUSB\s5V
x 847 169 1083 172 4 24 S_VCC,\sSelf\spower\s5V
f 560 384 480 384 33 1.5 0.02
R 832 224 832 144 0 0 40 5 0 0 0.5
s 832 224 832 288 0 1 false
R 480 400 480 512 0 0 40 5 0 0 0.5
R 1056 416 1056 528 0 0 40 5 0 0 0.5
s 1408 240 1408 304 0 0 false
R 1408 240 1408 160 0 0 40 5 0 0 0.5
f 1136 400 1056 400 33 1.5 0.02
x 1423 185 1659 188 4 24 S_VCC,\sSelf\spower\s5V
x 1025 561 1189 564 4 24 B_VCC,\sUSB\s5V
O 1248 400 1248 480 1 0
w 1408 304 1056 304 0
w 1408 304 1408 400 0
r 1248 400 1408 400 0 510000
r 1136 400 1248 400 0 4700
w 1056 384 1056 304 0
g 672 384 672 496 0 0
O 672 384 720 448 1 0
x 593 633 857 636 4 24 Bus\spower,\sPSELF\qLOW
x 1242 625 1513 628 4 24 Self\spower,\sPSELF\qHIGH
