$ 1 0.000005 10.20027730826997 73 5 50 5e-11
R 64 128 64 32 0 0 40 5 0 0 0.5
w 112 128 64 128 0
g 48 784 48 848 0 0
w 48 784 112 784 0
178 64 480 64 368 6 1 0.2 0 0.05 1000000 0.02 20 0.015 0.005 0
w 688 784 304 784 0
401 560 624 448 624 1 8\s15\s-15\s1000000\s0.1724137931034461\s5.000000000006111\s100000 0\s20\s10000000000 1\s0
r 688 640 688 784 0 2000
c 752 640 752 784 0 1e-7 0.1724137931034461 0.001
w 752 784 688 784 0
w 688 640 640 640 0
w 752 640 688 640 0
r 688 128 688 208 0 56000
w 688 208 688 640 0
r 832 144 832 208 0 56000
178 64 320 64 208 6 1 0.2 0 0.05 1000000 0.02 20 0.015 0.005 0
w 448 624 240 624 0
w 240 256 240 624 0
c 896 640 896 784 0 1e-7 0.1724137931034461 0.001
r 832 640 832 784 0 2000
w 832 208 832 512 0
w 832 640 896 640 0
w 832 784 752 784 0
w 832 144 832 128 0
w 688 128 832 128 0
r 992 128 992 208 0 56000
r 1168 128 1168 208 0 56000
w 832 784 896 784 0
w 992 208 992 288 0
w 576 608 896 608 0
w 896 608 896 288 0
w 896 288 992 288 0
R 1104 656 1104 544 0 0 40 5 0 0 0.5
r 1008 560 1008 672 0 1000
g 1104 688 1104 752 0 0
w 896 80 256 80 0
w 256 80 256 176 0
w 272 432 272 288 0
w 304 784 112 784 0
w 240 224 240 128 0
w 112 128 240 128 0
w 240 128 368 128 0
w 368 128 688 128 0
w 992 128 832 128 0
w 992 128 1168 128 0
401 560 496 448 496 1 8\s15\s-15\s1000000\s0.1724137931034461\s0.10367954864550506\s100000 0\s20\s10000000000 1\s0
w 448 496 368 496 0
w 368 496 368 256 0
w 624 512 832 512 0
w 832 512 832 640 0
w 560 480 1088 480 0
w 1088 480 1088 288 0
w 1088 288 1168 288 0
w 1168 288 1168 208 0
w 1008 560 400 560 0
w 896 80 1088 80 0
w 1088 80 1088 288 0
w 896 288 896 96 0
w 896 96 384 96 0
w 384 96 384 176 0
w 368 224 368 128 0
w 400 288 400 560 0
w 272 432 1216 432 0
x 1020 789 1067 792 4 24 CC2
x 1235 785 1282 788 4 24 CC1
g 1312 688 1312 768 0 0
R 1312 656 1312 512 0 0 40 5 0 0 0.5
S 1008 672 1104 672 0 0 false 0 2
r 1216 432 1216 672 0 1000
S 1216 672 1312 672 0 1 false 0 2
p 560 480 560 320 3 0 0
p 624 512 624 320 3 0 0
w 560 512 624 512 0
g 560 320 512 320 0 0
w 560 320 624 320 0
p 576 608 576 832 3 0 0
p 640 640 640 832 3 0 0
g 576 832 576 880 0 0
w 576 832 640 832 0
w 560 640 640 640 0
w 576 608 560 608 0
x 158 240 205 243 4 24 RR1
x 480 240 527 243 4 24 RR2
407 240 224 240 320 1
w 272 288 336 288 0
w 336 288 336 256 0
w 256 176 336 176 0
w 336 176 336 224 0
407 368 224 368 320 1
w 464 224 464 176 0
w 464 176 384 176 0
w 464 256 464 288 0
w 464 288 400 288 0
