$ 1 0.000005 10.20027730826997 84 5 50 5e-11
R 416 240 416 144 0 0 40 5 0 0 0.5
g 544 480 544 528 0 0
r 544 368 544 416 0 100
162 544 416 544 480 2 default-led 1 1 0 0.01
R 704 240 704 144 0 0 40 5 0 0 0.5
w 416 240 528 240 1
w 704 240 560 240 0
w 544 368 544 336 1
S 544 336 544 240 0 0 false 1 2
S 752 352 672 352 0 0 false 1 2
w 672 368 544 336 0
g 672 336 640 336 0 0
O 752 352 736 432 1 0
x 726 193 788 196 4 24 Port1
x 766 359 876 362 4 24 to\sSel_Pin
x 428 201 490 204 4 24 Port2
x 438 391 518 394 4 24 to\sVDD
