$ 1 0.000005 10.20027730826997 58 5 50 5e-11
R 336 320 336 256 0 0 40 5 0 0 0.5
w 336 320 512 320 1
407 416 384 448 384 1
r 416 384 336 384 0 470
g 416 416 416 464 0 0
w 512 320 512 384 0
w 512 416 560 416 0
r 560 416 560 480 0 1000
162 560 480 560 528 2 default-led 1 1 0 0.01
g 560 528 560 560 0 0
O 560 416 592 368 1 0
S 336 384 240 384 0 0 false 0 2
w 240 368 240 320 1
w 240 320 336 320 0
g 240 400 240 432 0 0
R 832 320 832 256 0 0 40 5 0 0 0.5
407 704 384 736 384 1025
r 800 384 832 384 0 470
w 832 384 832 320 0
w 800 416 800 432 0
w 832 320 704 320 1
w 704 384 704 320 0
w 336 384 336 608 0
w 336 608 800 608 1
w 800 608 800 432 0
w 704 416 560 416 0
O 336 384 288 480 1 0
x 244 516 301 519 4 24 S-Pin
x 554 347 598 350 4 24 Vdd
