$ 1 0.000005 10.20027730826997 84 5 50 5e-11
R 416 304 416 208 0 0 40 5 0 0 0.5
g 576 656 576 672 0 0
r 576 512 576 592 0 100
162 576 592 576 656 2 default-led 1 1 0 0.01
O 576 512 640 448 1 0
R 704 304 704 208 0 0 40 5 0 0 0.5
S 544 352 416 352 0 0 false 0 2
w 416 336 416 304 1
g 416 368 416 432 0 0
178 576 512 576 352 6 1 0.2 -4.915539322761724e-90 0.1 1000000 0.039 125 0.015 0.005 0
g 544 512 544 560 0 0
w 416 304 560 304 1
w 560 304 560 352 0
w 704 304 592 304 0
w 592 304 592 352 0
O 544 352 480 464 1 0
x 627 272 689 275 4 24 Port1
x 434 272 496 275 4 24 Port2
x 434 490 489 493 4 24 S\spin
o 4 64 0 4098 10 0.1 0 1
