$ 1 0.000005 9.001713130052181 48 5 50 5e-11
R 64 112 64 64 0 0 40 5 0 0 0.5
R 560 112 560 64 0 0 40 5 0 0 0.5
S 144 128 240 128 0 1 false 0 2
w 144 128 64 128 0
w 64 128 64 112 0
f 384 144 432 144 33 1.5 0.02
w 560 112 432 112 0
w 432 128 432 112 0
w 384 144 384 112 0
r 384 112 384 48 0 100000000
g 384 48 352 48 0 0
154 288 288 368 288 0 2 5 5
w 240 112 288 112 0
w 288 112 384 112 0
f 384 288 432 288 33 1.5 0.02
w 368 288 384 288 0
w 288 304 64 304 0
w 288 272 288 112 0
w 432 272 432 224 0
w 432 224 64 224 0
w 64 224 64 128 0
w 64 224 64 304 0
w 432 304 496 304 0
w 432 160 496 160 0
w 496 160 496 304 0
r 496 304 592 304 0 50
g 592 304 592 336 0 0
R 432 400 432 352 0 0 40 3.3 0 0 0.5
f 384 416 432 416 33 1.5 0.02
r 432 432 432 480 0 10000
g 432 480 432 512 0 0
p 432 432 544 432 3 0 0
g 544 432 544 464 0 0
p 288 112 288 32 3 0 0
g 288 32 224 32 0 0
p 368 288 368 192 3 0 0
g 368 192 416 192 0 0
w 368 288 368 416 0
w 368 416 384 416 0
