$ 1 0.000005 10.20027730826997 59 5 50 5e-11
R 240 240 240 144 0 0 40 5 0 0 0.5
R 736 240 736 144 0 0 40 5 0 0 0.5
r 240 240 400 240 0 1000
S 416 336 416 240 0 1 false 0 2
f 416 336 240 336 33 1.5 0.02
w 240 240 240 320 0
r 240 352 240 480 0 1000
g 240 480 240 528 0 0
g 480 240 480 272 0 0
w 432 240 480 240 0
153 560 336 672 336 0 2 5 5
w 480 240 560 240 0
w 560 320 560 240 0
w 560 352 416 352 0
w 416 336 416 352 0
f 672 336 736 336 33 1.5 0.02
w 736 240 736 320 0
r 736 352 736 496 0 1000
g 736 496 736 528 0 0
R 224 656 128 656 0 0 40 0 0 0 0.5
R 416 752 416 848 0 0 40 5 0 0 0.5
R 736 640 832 640 0 0 40 0 0 0 0.5
f 464 448 368 448 33 1.5 0.02
w 672 336 672 448 0
w 368 432 304 432 0
w 304 656 224 656 0
w 368 464 368 752 0
w 368 752 416 752 0
f 528 512 592 512 33 1.5 0.02
w 736 640 688 640 0
w 688 496 592 496 0
w 592 528 592 752 0
w 592 752 416 752 0
r 304 624 304 512 0 1000
w 304 512 304 432 0
w 304 624 304 656 0
r 688 496 688 640 0 1000
w 464 448 464 368 0
w 464 368 416 368 0
w 416 368 416 352 0
w 528 512 528 448 0
w 672 448 528 448 0
w 1424 432 1280 432 0
w 1280 496 1280 432 0
w 1168 352 1168 336 0
w 1216 352 1168 352 0
w 1216 432 1216 352 0
r 1440 480 1440 624 0 1000
w 1056 608 1056 640 0
w 1056 496 1056 416 0
r 1056 608 1056 496 0 1000
w 1344 736 1168 736 0
w 1440 480 1344 480 0
w 1488 624 1440 624 0
f 1280 496 1344 496 33 1.5 0.02
w 1120 736 1168 736 0
w 1056 640 976 640 0
w 1120 416 1056 416 0
w 1424 320 1424 432 0
f 1216 432 1120 432 33 1.5 0.02
R 1488 624 1584 624 0 0 40 0 0 0 0.5
R 1168 736 1168 832 0 0 40 5 0 0 0.5
R 976 640 880 640 0 0 40 0 0 0 0.5
g 1488 480 1488 512 0 0
r 1488 336 1488 480 0 1000
w 1488 224 1488 304 0
f 1424 320 1488 320 33 1.5 0.02
w 1168 320 1168 336 0
w 1312 336 1168 336 0
w 1312 304 1312 224 0
w 1232 224 1312 224 0
153 1312 320 1424 320 0 2 0 5
w 1184 224 1232 224 0
g 1232 224 1232 256 0 0
g 992 464 992 512 0 0
r 992 336 992 464 0 1000
w 992 224 992 304 0
f 1168 320 992 320 33 1.5 0.02
S 1168 320 1168 224 0 0 false 0 2
r 992 224 1152 224 0 1000
R 1488 224 1488 128 0 0 40 5 0 0 0.5
R 992 224 992 128 0 0 40 5 0 0 0.5
f 1280 576 1344 576 33 1.5 0.02
w 1280 496 1280 576 0
w 1344 592 1360 592 0
w 1360 592 1360 512 0
w 1360 512 1344 512 0
w 1344 560 1376 560 0
w 1376 560 1376 736 0
w 1376 736 1344 736 0
f 1200 512 1120 512 33 1.5 0.02
w 1200 512 1216 432 0
w 1120 528 1104 528 0
w 1120 448 1104 448 0
w 1104 448 1104 528 0
w 1120 496 1088 496 0
w 1088 496 1088 736 0
w 1088 736 1120 736 0
38 20 F1 0 0 5 -1 Receptor
38 19 F1 0 0 5 -1 D-_1
38 21 F1 0 0 5 -1 D-_2
