$ 1 0.000005 10.20027730826997 59 5 50 5e-11
R 272 208 272 96 0 0 40 5 0 0 0.5
g 272 464 272 560 0 0
407 288 336 384 336 1
r 272 208 272 304 0 1000
w 288 336 272 304 0
w 288 368 272 464 0
R 400 256 400 160 0 0 40 5 0 0 0.5
g 416 448 416 544 0 0
r 400 256 400 320 0 1000
w 384 336 400 320 0
w 384 368 416 448 0
w 688 368 720 448 0
w 688 336 704 320 0
r 704 256 704 320 0 1000
w 592 368 576 464 0
w 592 336 576 304 0
r 576 208 576 304 0 1000
407 592 336 688 336 1
g 576 464 576 560 0 0
R 576 208 576 96 0 0 40 5 0 0 0.5
R 720 448 720 560 0 0 40 5 0 0 0.5
g 704 256 704 128 0 0
